Time [s],Pressure V1-P2 [ADC],Pressure V1-P1-Ins [ADC],Pressure V1-P1-Exp [ADC], Pressure V2-P2 [ADC],Pressure V2-P1-Ins [ADC], Pressure V2-P1-Ins [ADC]
5.954,4388,4413,1638,4541,4619,1638
5.954,4413,1638,4541,4619,1638
4388,4413,1638,4541,4619,1638
5.954,4388,4413,1638,4541
Value,4388,4413,1638,4541,4619,1638
NaN,4440,4465,1638,4522,4601,1638
6.194,Value,4655,1638,4676,4743,1638
6.194,Value,4655,Eight,4676,4743,1638
6.194,4577,4655,NaN,4676,4743,1638
6.194,4577,4655,NaN,4676,NaN,1638
5.954,4388,4413,1638,4541,4619,1638
