2.685,5018,1638,5039,5276,5276,1638
2.695,5051,1638,5071,5245,5245,1638
2.705,5014,1638,5033,5206,5206,1638
2.715,4994,1638,5012,5243,5243,1638
2.725,5024,1638,5043,5255,5255,1638
2.735,5023,1638,5042,5258,5258,1638
2.745,5015,1638,5032,5250,5250,1638
2.755,4990,1638,5006,5228,5228,1638
2.765,4968,1638,4983,5193,5193,1638
2.775,4934,1638,4950,5193,5193,1638
2.785,4924,1638,4940,5227,5227,1638
2.795,4977,1638,4991,5246,5246,1638
2.805,4927,1638,4941,5189,5189,1638
2.815,4848,1638,4862,5091,5091,1638
2.825,4934,1638,4947,5167,5168,1638
2.835,5010,1638,5022,5242,5243,1638
2.845,5005,1638,5017,5262,5262,1638
2.855,4945,1638,4956,5241,5242,1638
2.865,4889,1638,4900,5170,5170,1638
2.875,4977,1638,4989,5315,5316,1638
2.885,4901,1638,4913,5248,5248,1638
2.895,4943,1638,4953,5221,5221,1638
2.905,5098,1638,5109,5356,5356,1638
2.915,5001,1638,5011,5241,5242,1638
2.925,5022,1638,5032,5284,5286,1638
2.935,5002,1638,5012,5274,5274,1638
2.945,4912,1638,4923,5160,5160,1638
2.955,4990,1638,5000,5233,5234,1638
2.965,5006,1638,5014,5292,5294,1638
2.975,4963,1638,4973,5284,5286,1638
2.985,4981,1638,4989,5257,5259,1638
2.995,4993,1638,5001,5259,5260,1638
3.005,5000,1638,5009,5293,5295,1638
3.015,5026,1638,5034,5330,5333,1638
3.025,5011,1638,5018,5311,5314,1638
3.035,4989,1638,4997,5292,5294,1638
3.045,4979,1638,4984,5303,5305,1638
3.055,4961,1638,4965,5273,5276,1638
3.065,4966,1638,4971,5263,5267,1638
3.075,4983,1638,4988,5288,5293,1638
3.085,4932,1638,4937,5233,5237,1638
3.095,4895,1638,4900,5203,5207,1638
3.105,4917,1638,4921,5250,5254,1638
3.115,4916,1638,4919,5253,5257,1638
3.125,4969,1638,4972,5288,5293,1638
3.135,5031,1638,5034,5317,5322,1638
3.145,4989,1638,4993,5283,5288,1638
3.155,4964,1638,4967,5300,5305,1638
3.165,4983,1638,4985,5320,5325,1638
3.175,4988,1638,4991,5319,5324,1638
3.185,4981,1638,4984,5293,5299,1638
3.195,4988,1638,4990,5305,5311,1638
3.205,4984,1638,4987,5315,5321,1638
3.215,4989,1638,4992,5307,5313,1638
3.225,4989,1638,4991,5347,5353,1638
3.235,4949,1638,4952,5330,5336,1638
3.245,4983,1638,4985,5330,5336,1638
3.255,5017,1638,5020,5351,5357,1638
3.265,4995,1638,4997,5331,5338,1638
3.275,5023,1638,5024,5359,5365,1638
3.285,5008,1638,5009,5351,5358,1638
3.295,4972,1638,4974,5331,5338,1638
3.305,5016,1638,5018,5363,5370,1638
3.315,5043,1638,5045,5359,5365,1638
3.325,4993,1638,4994,5305,5311,1638
3.335,4956,1638,4958,5295,5302,1638
3.345,4952,1638,4954,5319,5326,1638
3.355,4962,1638,4963,5322,5329,1638
3.365,4997,1638,4999,5318,5324,1638
3.375,4987,1638,4988,5320,5327,1638
3.385,4935,1638,4936,5308,5316,1638
3.395,4922,1638,4923,5292,5299,1638
3.405,4928,1638,4928,5288,5295,1638
3.415,4936,1638,4936,5287,5295,1638
3.425,4904,1638,4904,5282,5289,1638
3.435,4882,1638,4882,5269,5277,1638
3.445,4903,1638,4903,5271,5278,1638
3.455,4907,1638,4907,5292,5300,1638
3.465,4881,1638,4882,5290,5298,1638
3.475,4854,4854,1638,5285,5294,1638
3.485,4888,4888,1638,5287,5297,1638
3.495,4927,1638,4927,5286,5296,1638
3.505,4933,4933,1638,5289,5299,1638
3.515,4946,4946,1638,5292,5302,1638
3.525,4924,4924,1638,5297,5309,1638
3.535,4910,4910,1638,5308,5320,1638
3.545,4897,4897,1638,5276,5287,1638
3.555,4866,4866,1638,5247,5258,1638
3.565,4864,4864,1638,5257,5268,1638
3.575,4879,4879,1638,5258,5269,1638
3.585,4896,4896,1638,5254,5265,1638
3.595,4930,4930,1638,5254,5266,1638
3.605,4928,4928,1638,5251,5264,1638
3.615,4893,4893,1638,5255,5268,1638
3.625,4870,4870,1638,5272,5286,1638
3.635,4868,4868,1638,5292,5306,1638
3.645,4870,4870,1638,5277,5291,1638
3.655,4855,4855,1638,5248,5263,1638
3.665,4849,4849,1638,5226,5241,1638
3.675,4845,4845,1638,5218,5233,1638
3.685,4815,4815,1638,5223,5239,1638
3.695,4816,4816,1638,5238,5256,1638
3.705,4847,4847,1638,5243,5261,1638
3.715,4860,4860,1638,5232,5250,1638
3.725,4867,4867,1638,5240,5259,1638
3.735,4868,4868,1638,5259,5278,1638
3.745,4867,4867,1638,5273,5293,1638
3.755,4889,4889,1638,5307,5328,1638
3.765,4890,4890,1638,5323,5343,1638
3.775,4862,4862,1638,5309,5329,1638
3.785,4856,4856,1638,5306,5326,1638
3.795,4910,4910,1638,5332,5352,1638
3.805,4957,4957,1638,5360,5380,1638
3.815,4941,4941,1638,5374,5395,1638
3.825,4908,4908,1638,5351,5371,1638
3.835,4894,4894,1638,5314,5334,1638
3.845,4912,4912,1638,5333,5354,1638
3.855,4936,4936,1638,5354,5376,1638
3.865,4920,4920,1638,5321,5342,1638
3.875,4905,4905,1638,5308,5331,1638
3.885,4916,4916,1638,5320,5343,1638
3.895,4922,4922,1638,5322,5344,1638
3.905,4904,4904,1638,5314,5337,1638
3.915,4873,4873,1638,5296,5319,1638
3.925,4849,4849,1638,5289,5313,1638
3.935,4855,4855,1638,5308,5332,1638
3.945,4880,4880,1638,5308,5332,1638
3.955,4902,4902,1638,5290,5314,1638
3.965,4889,4889,1638,5289,5313,1638
3.975,4861,4861,1638,5306,5332,1638
3.985,4850,4850,1638,5306,5333,1638
3.995,4827,4827,1638,5278,5304,1638
4.005,4789,4789,1638,5256,5282,1638
4.015,4776,4776,1638,5249,5275,1638
4.025,4765,4765,1638,5227,5254,1638
4.035,4769,4770,1638,5221,5248,1638
4.045,4786,4786,1638,5240,5268,1638
4.055,4771,4771,1638,5258,5287,1638
4.065,4752,4752,1638,5257,5286,1638
4.075,4758,4758,1638,5233,5263,1638
4.085,4780,4780,1638,5221,5251,1638
4.095,4814,4815,1638,5256,5286,1638
4.105,4813,4814,1638,5269,5299,1638
4.115,4771,4772,1638,5258,5288,1638
4.125,4763,4763,1638,5282,5312,1638
4.135,4794,4794,1638,5294,5325,1638
4.145,4796,4797,1638,5268,5299,1638
4.155,4773,4774,1638,5248,5279,1638
4.165,4750,4751,1638,5257,5288,1638
4.175,4749,4750,1638,5230,5262,1638
4.185,4729,4731,1638,5147,5179,1638
4.195,4663,4664,1638,5138,5170,1638
4.205,4655,4656,1638,5154,5186,1638
4.215,4671,4673,1638,5130,5163,1638
4.225,4639,4641,1638,5120,5154,1638
4.235,4636,4638,1638,5124,5158,1638
4.245,4648,4651,1638,5134,5169,1638
4.255,4660,4662,1638,5149,5184,1638
4.265,4675,4678,1638,5148,5183,1638
4.275,4682,4686,1638,5120,5155,1638
4.285,4652,4655,1638,5096,5133,1638
4.295,4612,4615,1638,5111,5148,1638
4.305,4658,4661,1638,5144,5181,1638
4.315,4739,4741,1638,5171,5208,1638
4.325,4720,4723,1638,5168,5205,1638
4.335,4704,4707,1638,5182,5219,1638
4.345,4739,4741,1638,5227,5264,1638
4.355,4727,4730,1638,5231,5268,1638
4.365,4691,4694,1638,5181,5219,1638
4.375,4657,4661,1638,5141,5179,1638
4.385,4637,4641,1638,5128,5167,1638
4.395,4625,4628,1638,5109,5148,1638
4.405,4578,4582,1638,5087,5125,1638
4.415,4538,4541,1638,5075,5113,1638
4.425,4517,4521,1638,5040,5080,1638
4.435,4509,4514,1638,5016,5056,1638
4.445,4520,4525,1638,5020,5060,1638
4.455,4452,4458,1638,4963,5005,1638
4.465,4331,4339,1638,4852,4897,1638
4.475,4284,4294,1638,4767,4814,1638
4.485,4259,4269,1638,4739,4788,1638
4.495,4249,4260,1638,4778,4828,1638
4.505,4240,4251,1638,4759,4810,1638
4.515,4208,4220,1638,4716,4769,1638
4.525,4292,4304,1638,4764,4817,1638
4.535,4385,4398,1638,4788,4842,1638
4.545,4290,4303,1638,4755,4809,1638
4.555,4215,4228,1638,4750,4804,1638
4.565,4240,4253,1638,4741,4796,1638
4.575,4245,4259,1638,4726,4782,1638
4.585,4248,4263,1638,4737,4794,1638
4.595,4220,4236,1638,4692,4750,1638
4.605,4153,4169,1638,4621,4679,1638
4.615,4120,4138,1638,4633,4692,1638
4.625,4103,4122,1638,4638,4697,1638
4.635,4129,4148,1638,4635,4695,1638
4.645,4158,4177,1638,4666,4728,1638
4.655,4116,4136,1638,4642,4706,1638
4.665,4110,4128,1638,4615,4678,1638
4.675,4134,4152,1638,4625,4687,1638
4.685,4106,4124,1638,4587,4649,1638
4.695,4090,4110,1638,4583,4646,1638
4.705,4100,4120,1638,4635,4698,1638
4.715,4091,4111,1638,4637,4701,1638
4.725,4096,4116,1638,4633,4697,1638
4.735,4106,4126,1638,4651,4716,1638
4.745,4075,4095,1638,4628,4693,1638
4.755,4059,4080,1638,4574,4640,1638
4.765,4069,4090,1638,4577,4644,1638
4.775,4106,4128,1638,4633,4701,1638
4.785,4143,4164,1638,4633,4699,1638
4.795,4083,4105,1638,4598,4665,1638
4.805,4031,4054,1638,4588,4656,1638
4.815,4045,4068,1638,4577,4646,1638
4.825,4074,4097,1638,4590,4658,1638
4.835,4105,4128,1638,4631,4700,1638
4.845,4077,4101,1638,4632,4701,1638
4.855,4081,4105,1638,4628,4698,1638
4.865,4142,4165,1638,4644,4715,1638
4.875,4091,4115,1638,4609,4680,1638
4.885,4042,4066,1638,4597,4668,1638
4.895,4039,4062,1638,4610,4681,1638
4.905,4011,4035,1638,4573,4643,1638
4.915,4141,4165,1638,4602,4672,1638
4.925,4191,4216,1638,4603,4674,1638
4.935,4109,4134,1638,4551,4622,1638
4.945,4135,4159,1638,4578,4650,1638
4.955,4150,4174,1638,4609,4680,1638
4.965,4126,4150,1638,4596,4668,1638
4.975,4129,4154,1638,4596,4668,1638
4.985,4142,4167,1638,4627,4699,1638
4.995,4104,4128,1638,4637,4710,1638
5.005,4104,4128,1638,4659,4733,1638
5.015,4177,4202,1638,4701,4775,1638
5.025,4175,4200,1638,4679,4753,1638
5.035,4148,4172,1638,4645,4719,1638
5.045,4148,4172,1638,4618,4691,1638
5.055,4171,4195,1638,4634,4706,1638
5.065,4212,4236,1638,4641,4714,1638
5.075,4192,4215,1638,4603,4675,1638
5.085,4196,4219,1638,4679,4750,1638
5.095,4255,4279,1638,4758,4829,1638
5.105,4170,4194,1638,4687,4758,1638
5.115,4134,4157,1638,4673,4745,1638
5.125,4163,4187,1638,4740,4812,1638
5.135,4123,4147,1638,4754,4826,1638
5.145,4192,4215,1638,4753,4824,1638
5.155,4196,4219,1638,4719,4789,1638
5.165,4149,4170,1638,4685,4755,1638
5.175,4192,4213,1638,4730,4800,1638
5.185,4204,4226,1638,4738,4807,1638
5.195,4194,4215,1638,4731,4800,1638
5.205,4199,4220,1638,4780,4849,1638
5.215,4227,4249,1638,4772,4841,1638
5.225,4255,4276,1638,4772,4839,1638
5.235,4287,4307,1638,4816,4885,1638
5.245,4319,4340,1638,4816,4884,1638
5.255,4318,4338,1638,4821,4889,1638
5.265,4294,4314,1638,4860,4927,1638
5.275,4281,4300,1638,4888,4955,1638
5.285,4279,4298,1638,4861,4926,1638
5.295,4283,4302,1638,4834,4901,1638
5.305,4315,4334,1638,4879,4946,1638
5.315,4373,4391,1638,4916,4981,1638
5.325,4431,4449,1638,4938,5001,1638
5.335,4476,4492,1638,4987,5050,1638
5.345,4461,4477,1638,4941,5003,1638
5.355,4473,4490,1638,4963,5025,1638
5.365,4568,4584,1638,5066,5126,1638
5.375,4578,4593,1638,5057,5117,1638
5.385,4522,4537,1638,5051,5111,1638
5.395,4565,4579,1638,5051,5110,1638
5.405,4577,4591,1638,5069,5127,1638
5.415,4558,4571,1638,5111,5168,1638
5.425,4610,4621,1638,5125,5181,1638
5.435,4667,4678,1638,5193,5249,1638
5.445,4728,4738,1638,5269,5322,1638
5.455,4777,4785,1638,5305,5357,1638
5.465,4782,4789,1638,5339,5389,1638
5.475,4795,4801,1638,5349,5395,1638
5.485,4887,4893,1638,5398,5444,1638
5.495,5005,5010,1638,5485,5530,1638
5.505,5028,5031,1638,5515,5558,1638
5.515,5031,5032,1638,5574,5615,1638
5.525,5069,1638,5070,5614,5652,1638
5.535,5115,5117,1638,5640,5677,1638
5.545,5199,1638,5199,5729,5764,1638
5.555,5283,1638,5284,5759,5790,1638
5.565,5311,5311,1638,5752,5781,1638
5.575,5357,5357,1638,5790,5818,1638
5.585,5431,5431,1638,5819,5845,1638
5.595,5489,5489,1638,5919,5943,1638
5.605,5524,5524,1638,5982,6003,1638
5.615,5527,5527,1638,5944,5964,1638
5.625,5540,5540,1638,5995,6012,1638
5.635,5603,1638,5603,6013,6027,1638
5.645,5622,1638,5622,5963,5976,1638
5.655,5572,5572,1638,5966,5978,1638
5.665,5608,1638,5608,5988,5999,1638
5.675,5682,1638,5684,6026,6036,1638
5.685,5628,1638,5631,6014,6022,1638
5.695,5566,1638,5570,5925,5931,1638
5.705,5547,1638,5552,5860,5864,1638
5.715,5554,1638,5559,5850,5854,1638
5.725,5508,1638,5515,5815,5818,1638
5.735,5423,1638,5434,5723,5727,1638
5.745,5399,1638,5409,5661,5663,1638
5.755,5346,1638,5356,5684,5687,1638
5.765,5343,1638,5355,5642,5644,1638
5.775,5319,1638,5332,5554,5554,1638
5.785,5225,1638,5238,5531,5531,1638
5.795,5224,1638,5239,5527,5527,1638
5.805,5196,1638,5211,5494,5494,1638
5.815,5138,1638,5152,5424,5424,1638
5.825,5112,1638,5126,5383,5383,1638
5.835,5065,1638,5081,5391,5391,1638
5.845,5061,1638,5076,5386,5386,1638
5.855,5087,1638,5103,5361,5361,1638
5.865,5059,1638,5075,5326,5326,1638
5.875,5083,1638,5098,5352,5352,1638
5.885,5140,1638,5155,5410,5410,1638
5.895,5087,1638,5102,5347,5347,1638
5.905,5068,1638,5083,5294,5294,1638
5.915,5144,1638,5160,5350,5350,1638
5.925,5134,1638,5149,5355,5355,1638
5.935,5090,1638,5104,5377,5377,1638
5.945,5084,1638,5099,5381,5381,1638
5.955,5081,1638,5096,5346,5346,1638
5.965,5045,1638,5061,5317,5318,1638
5.975,5057,1638,5073,5356,5356,1638
5.985,5078,1638,5093,5408,5408,1638
5.995,4948,1638,4963,5265,5265,1638
6.005,4916,1638,4931,5216,5216,1638
6.015,4994,1638,5009,5293,5294,1638
6.025,5021,1638,5035,5283,5283,1638
6.035,5023,1638,5036,5263,5263,1638
6.045,4960,1638,4973,5197,5198,1638
6.055,4965,1638,4978,5205,5206,1638
6.065,4984,1638,4996,5298,5298,1638
6.075,4998,1638,5011,5316,5316,1638
6.085,5050,1638,5062,5288,5289,1638
6.095,5023,1638,5034,5292,5292,1638
6.105,4989,1638,5000,5315,5316,1638
6.115,5000,1638,5012,5323,5324,1638
6.125,5031,1638,5042,5316,5317,1638
6.135,5060,1638,5072,5325,5325,1638
6.145,5045,1638,5056,5315,5317,1638
6.155,4992,1638,5001,5260,5262,1638
6.165,5001,1638,5011,5269,5270,1638
6.175,5077,1638,5087,5346,5347,1638
6.185,5023,1638,5034,5304,5305,1638
6.195,4944,1638,4954,5254,5255,1638
6.205,4998,1638,5008,5293,5294,1638
6.215,5020,1638,5030,5292,5293,1638
6.225,4990,1638,4999,5287,5289,1638
6.235,5051,1638,5060,5332,5333,1638
6.245,5106,1638,5115,5369,5371,1638
6.255,5063,1638,5071,5333,5336,1638
6.265,5065,1638,5073,5333,5335,1638
6.275,5119,1638,5128,5388,5391,1638
6.285,5081,1638,5088,5346,5348,1638
6.295,5039,1638,5046,5330,5333,1638
6.305,5073,1638,5080,5361,5363,1638
6.315,5013,1638,5020,5279,5281,1638
6.325,4954,1638,4960,5271,5274,1638
6.335,4987,1638,4992,5320,5324,1638
6.345,4985,1638,4989,5287,5290,1638
6.355,5020,1638,5024,5352,5355,1638
6.365,4971,1638,4974,5287,5291,1638
6.375,4913,1638,4916,5223,5227,1638
6.385,5008,1638,5012,5344,5348,1638
6.395,5057,1638,5060,5359,5364,1638
6.405,5030,1638,5034,5356,5362,1638
6.415,5037,1638,5039,5382,5387,1638
6.425,5093,1638,5096,5406,5412,1638
6.435,5106,1638,5109,5414,5420,1638
6.445,5040,1638,5042,5385,5390,1638
6.455,5026,1638,5029,5392,5397,1638
6.465,5046,1638,5049,5384,5389,1638
6.475,5003,1638,5006,5340,5345,1638
6.485,4974,1638,4978,5285,5290,1638
6.495,5000,1638,5004,5315,5320,1638
6.505,5077,1638,5081,5407,5412,1638
6.515,5124,1638,5127,5426,5430,1638
6.525,5037,1638,5040,5384,5388,1638
6.535,5002,1638,5006,5333,5338,1638
6.545,5014,1638,5019,5285,5289,1638
6.555,4950,1638,4954,5275,5280,1638
6.565,4993,1638,4997,5355,5360,1638
6.575,5057,1638,5060,5392,5398,1638
6.585,4998,1638,5001,5333,5338,1638
6.595,5072,1638,5077,5408,5412,1638
6.605,5140,1638,5145,5475,5478,1638
6.615,5077,1638,5082,5386,5390,1638
6.625,5041,1638,5047,5352,5356,1638
6.635,5045,1638,5050,5440,5445,1638
6.645,5105,1638,5110,5488,5492,1638
6.655,5115,1638,5120,5417,5421,1638
6.665,5053,1638,5059,5398,5402,1638
6.675,5127,1638,5133,5478,5481,1638
6.685,5132,1638,5138,5428,5430,1638
6.695,5050,1638,5057,5345,5348,1638
6.705,5099,1638,5108,5400,5402,1638
6.715,5048,1638,5057,5417,5420,1638
6.725,5060,1638,5069,5430,5432,1638
6.735,5203,1638,5213,5515,5516,1638
6.745,5156,1638,5167,5439,5440,1638
6.755,5135,1638,5145,5375,5376,1638
6.765,5173,1638,5184,5436,5437,1638
6.775,5089,1638,5101,5366,5368,1638
6.785,5104,1638,5115,5414,5415,1638
6.795,5155,1638,5165,5479,5479,1638
6.805,5169,1638,5181,5440,5441,1638
6.815,5199,1638,5211,5434,5434,1638
6.825,5077,1638,5090,5304,5305,1638
6.835,5033,1638,5046,5310,5310,1638
6.845,5063,1638,5078,5327,5327,1638
6.855,5030,1638,5044,5284,5284,1638
6.865,5020,1638,5033,5285,5285,1638
6.875,5042,1638,5055,5272,5273,1638
6.885,5078,1638,5090,5362,5362,1638
6.895,5063,1638,5074,5350,5350,1638
6.905,5046,1638,5057,5277,5278,1638
6.915,5040,1638,5050,5310,5312,1638
6.925,5017,1638,5026,5311,5313,1638
6.935,5023,1638,5031,5299,5302,1638
6.945,5022,1638,5030,5315,5317,1638
6.955,4997,1638,5003,5276,5279,1638
6.965,4926,1638,4932,5188,5190,1638
6.975,4890,1638,4896,5162,5165,1638
6.985,4967,1638,4973,5248,5251,1638
6.995,5009,1638,5016,5312,5315,1638
7.005,4968,1638,4973,5264,5268,1638
7.015,4964,1638,4967,5243,5247,1638
7.025,4924,1638,4927,5235,5240,1638
7.035,4858,1638,4861,5214,5220,1638
7.045,4854,1638,4856,5224,5231,1638
7.055,4868,1638,4870,5237,5245,1638
7.065,4903,1638,4904,5252,5260,1638
7.075,4944,1638,4944,5255,5263,1638
7.085,4950,1638,4950,5255,5263,1638
7.095,4929,4929,1638,5275,5283,1638
7.105,4918,4918,1638,5306,5315,1638
7.115,4902,1638,4902,5305,5314,1638
7.125,4858,4858,1638,5260,5270,1638
7.135,4844,4844,1638,5248,5258,1638
7.145,4833,4833,1638,5231,5241,1638
7.155,4827,4827,1638,5217,5228,1638
7.165,4863,4863,1638,5215,5227,1638
7.175,4858,4858,1638,5191,5202,1638
7.185,4788,4788,1638,5180,5192,1638
7.195,4732,4732,1638,5148,5162,1638
7.205,4681,4681,1638,5100,5115,1638
7.215,4683,4683,1638,5103,5119,1638
7.225,4737,4737,1638,5121,5137,1638
7.235,4718,4718,1638,5099,5117,1638
7.245,4647,4647,1638,5058,5077,1638
7.255,4609,4609,1638,5049,5069,1638
7.265,4596,4596,1638,5052,5073,1638
7.275,4621,4621,1638,5052,5074,1638
7.285,4668,4668,1638,5067,5090,1638
7.295,4674,4674,1638,5077,5101,1638
7.305,4653,4653,1638,5056,5081,1638
7.315,4644,4644,1638,5060,5086,1638
7.325,4622,4622,1638,5090,5117,1638
7.335,4594,4594,1638,5063,5090,1638
7.345,4601,4601,1638,5032,5060,1638
7.355,4620,4621,1638,5057,5085,1638
7.365,4584,4585,1638,5045,5075,1638
7.375,4521,4522,1638,5014,5045,1638
7.385,4487,4489,1638,4994,5027,1638
7.395,4493,4495,1638,4979,5013,1638
7.405,4506,4508,1638,4973,5008,1638
7.415,4516,4520,1638,4971,5008,1638
7.425,4511,4515,1638,4948,4985,1638
7.435,4451,4454,1638,4904,4941,1638
7.445,4396,4401,1638,4902,4941,1638
7.455,4413,4418,1638,4903,4943,1638
7.465,4435,4440,1638,4873,4914,1638
7.475,4385,4391,1638,4855,4898,1638
7.485,4387,4394,1638,4858,4902,1638
7.495,4506,4512,1638,4907,4951,1638
7.505,4450,4456,1638,4899,4945,1638
7.515,4315,4322,1638,4833,4879,1638
7.525,4346,4354,1638,4844,4890,1638
7.535,4399,4407,1638,4889,4936,1638
7.545,4395,4403,1638,4878,4925,1638
7.555,4359,4368,1638,4860,4908,1638
7.565,4337,4346,1638,4870,4918,1638
7.575,4317,4325,1638,4854,4904,1638
7.585,4312,4321,1638,4848,4899,1638
7.595,4323,4334,1638,4847,4898,1638
7.605,4305,4316,1638,4802,4853,1638
7.615,4324,4335,1638,4801,4852,1638
7.625,4299,4310,1638,4799,4851,1638
7.635,4252,4264,1638,4778,4830,1638
7.645,4269,4281,1638,4786,4840,1638
7.655,4284,4297,1638,4762,4817,1638
7.665,4249,4262,1638,4697,4752,1638
7.675,4139,4154,1638,4642,4698,1638
7.685,4089,4104,1638,4625,4682,1638
7.695,4143,4159,1638,4642,4700,1638
7.705,4156,4172,1638,4649,4708,1638
7.715,4091,4108,1638,4614,4674,1638
7.725,4058,4074,1638,4570,4630,1638
7.735,4116,4131,1638,4563,4624,1638
7.745,4131,4147,1638,4572,4634,1638
7.755,4090,4107,1638,4590,4652,1638
7.765,4059,4078,1638,4602,4666,1638
7.775,4047,4066,1638,4602,4668,1638
7.785,4051,4071,1638,4589,4656,1638
7.795,4035,4055,1638,4561,4627,1638
7.805,4062,4082,1638,4578,4644,1638
7.815,4120,4141,1638,4589,4656,1638
7.825,4123,4144,1638,4549,4616,1638
7.835,4098,4119,1638,4574,4641,1638
7.845,4080,4100,1638,4617,4686,1638
7.855,4085,4105,1638,4591,4660,1638
7.865,4056,4077,1638,4564,4634,1638
7.875,4036,4057,1638,4571,4641,1638
7.885,4029,4050,1638,4557,4627,1638
7.895,3985,4006,1638,4532,4602,1638
7.905,3991,4012,1638,4518,4589,1638
7.915,4020,4042,1638,4514,4585,1638
7.925,3983,4006,1638,4520,4591,1638
7.935,3962,3985,1638,4544,4615,1638
7.945,4024,4047,1638,4590,4663,1638
7.955,4100,4123,1638,4620,4693,1638
7.965,4104,4128,1638,4604,4677,1638
7.975,4076,4100,1638,4605,4678,1638
7.985,4098,4122,1638,4617,4691,1638
7.995,4122,4145,1638,4601,4675,1638
8.005,4101,4124,1638,4610,4684,1638
8.015,4102,4125,1638,4640,4713,1638
8.025,4114,4136,1638,4634,4707,1638
8.035,4108,4130,1638,4633,4706,1638
8.045,4136,4157,1638,4638,4711,1638
8.055,4209,4230,1638,4663,4735,1638
8.065,4235,4256,1638,4700,4773,1638
8.075,4193,4215,1638,4702,4775,1638
8.085,4192,4214,1638,4701,4772,1638
8.095,4241,4262,1638,4703,4773,1638
8.105,4232,4253,1638,4680,4751,1638
8.115,4203,4225,1638,4656,4728,1638
8.125,4192,4214,1638,4651,4722,1638
8.135,4126,4147,1638,4672,4744,1638
8.145,4109,4129,1638,4700,4773,1638
8.155,4207,4227,1638,4701,4773,1638
8.165,4216,4235,1638,4687,4759,1638
8.175,4217,4236,1638,4728,4800,1638
8.185,4292,4312,1638,4782,4854,1638
8.195,4318,4340,1638,4754,4827,1638
8.205,4306,4328,1638,4727,4800,1638
8.215,4252,4273,1638,4785,4857,1638
8.225,4234,4254,1638,4799,4870,1638
8.235,4243,4263,1638,4762,4833,1638
8.245,4247,4266,1638,4778,4847,1638
8.255,4335,4355,1638,4788,4858,1638
8.265,4364,4384,1638,4765,4836,1638
8.275,4287,4307,1638,4769,4840,1638
8.285,4269,4289,1638,4767,4837,1638
8.295,4257,4277,1638,4758,4828,1638
8.305,4197,4217,1638,4782,4853,1638
8.315,4227,4246,1638,4788,4859,1638
8.325,4329,4347,1638,4766,4836,1638
8.335,4371,4389,1638,4760,4828,1638
8.345,4309,4327,1638,4727,4795,1638
8.355,4255,4272,1638,4747,4816,1638
8.365,4282,4299,1638,4833,4901,1638
8.375,4308,4326,1638,4855,4922,1638
8.385,4279,4296,1638,4850,4916,1638
8.395,4246,4263,1638,4856,4922,1638
8.405,4267,4284,1638,4837,4903,1638
8.415,4322,4339,1638,4837,4902,1638
8.425,4323,4339,1638,4865,4930,1638
8.435,4296,4312,1638,4867,4932,1638
8.445,4321,4335,1638,4869,4933,1638
8.455,4359,4374,1638,4912,4975,1638
8.465,4383,4398,1638,4934,4997,1638
8.475,4453,4467,1638,4969,5031,1638
8.485,4496,4510,1638,4998,5058,1638
8.495,4495,4508,1638,4974,5035,1638
8.505,4489,4502,1638,4972,5032,1638
8.515,4453,4466,1638,4994,5052,1638
8.525,4486,4497,1638,5041,5100,1638
8.535,4493,4504,1638,5083,5142,1638
8.545,4498,4510,1638,5090,5146,1638
8.555,4618,4627,1638,5143,5198,1638
8.565,4672,4682,1638,5183,5238,1638
8.575,4706,4716,1638,5146,5199,1638
8.585,4697,4707,1638,5130,5182,1638
8.595,4707,4716,1638,5199,5250,1638
8.605,4745,4753,1638,5252,5302,1638
8.615,4728,4735,1638,5258,5307,1638
8.625,4765,4772,1638,5256,5303,1638
8.635,4768,4774,1638,5258,5304,1638
8.645,4775,4780,1638,5311,5356,1638
8.655,4835,4839,1638,5363,5407,1638
8.665,4917,4920,1638,5431,5473,1638
8.675,5020,5022,1638,5548,5588,1638
8.685,5084,1638,5086,5588,5626,1638
8.695,5171,1638,5173,5616,5651,1638
8.705,5180,5181,1638,5658,5692,1638
8.715,5133,5133,1638,5647,5679,1638
8.725,5194,5194,1638,5670,5699,1638
8.735,5275,5275,1638,5773,5801,1638
8.745,5347,5347,1638,5840,5867,1638
8.755,5427,5427,1638,5836,5861,1638
8.765,5431,5431,1638,5841,5865,1638
8.775,5445,5445,1638,5888,5910,1638
8.785,5486,5486,1638,5887,5906,1638
8.795,5467,5467,1638,5896,5914,1638
8.805,5474,5474,1638,5942,5959,1638
8.815,5476,5476,1638,5887,5902,1638
8.825,5437,5437,1638,5874,5888,1638
8.835,5482,5482,1638,5877,5890,1638
8.845,5507,1638,5507,5830,5841,1638
8.855,5435,1638,5436,5829,5839,1638
8.865,5438,1638,5439,5801,5810,1638
8.875,5468,1638,5470,5800,5807,1638
8.885,5427,1638,5430,5753,5761,1638
8.895,5436,1638,5439,5741,5749,1638
8.905,5405,1638,5409,5742,5749,1638
8.915,5297,1638,5301,5658,5665,1638
8.925,5278,1638,5283,5631,5636,1638
8.935,5277,1638,5282,5567,5572,1638
8.945,5231,1638,5237,5542,5546,1638
8.955,5190,1638,5195,5525,5528,1638
8.965,5158,1638,5164,5447,5451,1638
8.975,5127,1638,5134,5426,5429,1638
8.985,5045,1638,5052,5348,5351,1638
8.995,4986,1638,4994,5302,5304,1638
9.005,5015,1638,5022,5371,5375,1638
9.015,5090,1638,5097,5444,5447,1638
9.025,5075,1638,5082,5388,5391,1638
9.035,5030,1638,5038,5303,5306,1638
9.045,5028,1638,5035,5330,5333,1638
9.055,4965,1638,4973,5332,5336,1638
9.065,5039,1638,5045,5358,5361,1638
9.075,5221,1638,5228,5488,5491,1638
9.085,5157,1638,5164,5424,5428,1638
9.095,5057,1638,5064,5329,5332,1638
9.105,5063,1638,5071,5382,5384,1638
9.115,4978,1638,4985,5303,5306,1638
9.125,4992,1638,4999,5356,5358,1638
9.135,5036,1638,5044,5372,5374,1638
9.145,4986,1638,4994,5263,5266,1638
9.155,5018,1638,5025,5343,5347,1638
9.165,5021,1638,5028,5308,5312,1638
9.175,5047,1638,5054,5306,5309,1638
9.185,5106,1638,5113,5381,5385,1638
9.195,5105,1638,5112,5370,5373,1638
9.205,5057,1638,5063,5328,5330,1638
9.215,5023,1638,5029,5325,5329,1638
9.225,5025,1638,5031,5387,5391,1638
9.235,4989,1638,4996,5348,5352,1638
9.245,5027,1638,5033,5348,5351,1638
9.255,5077,1638,5083,5376,5379,1638
9.265,5094,1638,5100,5362,5365,1638
9.275,5146,1638,5152,5387,5390,1638
9.285,5130,1638,5136,5362,5366,1638
9.295,5085,1638,5090,5344,5347,1638
9.305,5007,1638,5013,5269,5273,1638
9.315,5055,1638,5060,5283,5287,1638
9.325,5021,1638,5026,5305,5309,1638
9.335,4889,1638,4893,5224,5229,1638
9.345,4993,1638,4998,5298,5302,1638
9.355,4980,1638,4985,5295,5299,1638
9.365,4975,1638,4979,5240,5244,1638
9.375,5006,1638,5011,5320,5324,1638
9.385,4959,1638,4963,5351,5356,1638
9.395,5052,1638,5056,5390,5395,1638
9.405,5018,1638,5021,5382,5387,1638
9.415,4949,1638,4953,5270,5275,1638
9.425,5030,1638,5033,5356,5361,1638
9.435,5099,1638,5103,5406,5412,1638
9.445,5030,1638,5034,5263,5269,1638
9.455,4962,1638,4964,5264,5270,1638
9.465,5012,1638,5015,5322,5329,1638
9.475,5018,1638,5020,5370,5376,1638
9.485,5036,1638,5038,5394,5400,1638
9.495,5042,1638,5044,5385,5391,1638
9.505,5018,1638,5020,5386,5392,1638
9.515,4989,1638,4992,5325,5333,1638
9.525,4940,1638,4941,5281,5287,1638
9.535,5073,1638,5074,5356,5361,1638
9.545,5104,1638,5105,5395,5402,1638
9.555,4983,1638,4984,5318,5325,1638
9.565,4957,1638,4959,5259,5266,1638
9.575,4959,1638,4960,5297,5305,1638
9.585,4982,1638,4983,5349,5356,1638
9.595,4963,1638,4964,5313,5322,1638
9.605,4963,1638,4964,5253,5262,1638
9.615,4990,1638,4991,5277,5285,1638
9.625,4986,1638,4986,5328,5337,1638
9.635,4989,1638,4990,5325,5333,1638
9.645,4958,1638,4959,5304,5312,1638
9.655,4948,1638,4948,5317,5326,1638
9.665,4952,4952,1638,5308,5318,1638
9.675,4952,4952,1638,5267,5277,1638
9.685,4949,4949,1638,5257,5266,1638
9.695,4922,4922,1638,5292,5302,1638
9.705,4940,1638,4941,5318,5328,1638
9.715,4962,4962,1638,5301,5310,1638
9.725,4899,4899,1638,5257,5267,1638
9.735,4906,4906,1638,5266,5276,1638
9.745,4952,4952,1638,5290,5300,1638
9.755,4922,4922,1638,5292,5303,1638
9.765,4915,4915,1638,5315,5326,1638
9.775,4945,4945,1638,5324,5335,1638
9.785,5023,5023,1638,5339,5351,1638
9.795,5037,5037,1638,5352,5363,1638
9.805,4930,4930,1638,5309,5320,1638
9.815,4928,4928,1638,5294,5306,1638
9.825,4985,4985,1638,5318,5330,1638
9.835,4978,4978,1638,5322,5334,1638
9.845,5001,5001,1638,5318,5330,1638
9.855,4948,4948,1638,5320,5332,1638
9.865,4892,4892,1638,5322,5335,1638
9.875,4949,4949,1638,5322,5334,1638
9.885,4901,4901,1638,5293,5306,1638
9.895,4869,4869,1638,5282,5294,1638
9.905,4916,4916,1638,5291,5304,1638
9.915,4900,4900,1638,5276,5290,1638
9.925,4831,4831,1638,5251,5265,1638
9.935,4828,4828,1638,5258,5272,1638
9.945,4879,4879,1638,5258,5273,1638
9.955,4860,4860,1638,5250,5266,1638
9.965,4890,4890,1638,5297,5313,1638
9.975,4907,4907,1638,5309,5325,1638
9.985,4902,4902,1638,5292,5308,1638
9.995,4986,4986,1638,5325,5343,1638
10.005,4964,4964,1638,5328,5346,1638
10.015,4911,4911,1638,5339,5357,1638
10.025,4937,4937,1638,5364,5381,1638
10.035,4941,4941,1638,5344,5361,1638
10.045,4916,4916,1638,5366,5383,1638
10.055,4956,4956,1638,5426,5443,1638
10.065,5016,5016,1638,5426,5443,1638
10.075,4999,4999,1638,5414,5431,1638
10.085,5025,5025,1638,5404,5422,1638
10.095,5023,5023,1638,5396,5413,1638
10.105,4993,4993,1638,5448,5464,1638
10.115,5015,5015,1638,5477,5495,1638
10.125,5004,5004,1638,5430,5446,1638
10.135,5070,5070,1638,5410,5426,1638
10.145,5048,5048,1638,5382,5399,1638
10.155,4948,4948,1638,5361,5379,1638
10.165,4989,4989,1638,5415,5432,1638
10.175,5048,5048,1638,5450,5467,1638
10.185,5026,5026,1638,5426,5443,1638
10.195,4968,4968,1638,5396,5414,1638
10.205,4986,4986,1638,5381,5399,1638
10.215,5008,5008,1638,5391,5409,1638
10.225,4994,4994,1638,5375,5393,1638
10.235,5023,5023,1638,5361,5380,1638
10.245,5021,5021,1638,5384,5403,1638
10.255,4991,4991,1638,5369,5387,1638
10.265,4957,4957,1638,5367,5385,1638
10.275,4969,4969,1638,5378,5396,1638
10.285,4968,4968,1638,5342,5361,1638
10.295,4922,4922,1638,5319,5339,1638
10.305,4908,4908,1638,5293,5313,1638
10.315,4871,4871,1638,5285,5306,1638
10.325,4898,4898,1638,5326,5348,1638
10.335,4970,4970,1638,5349,5371,1638
10.345,4933,4933,1638,5309,5331,1638
10.355,4889,4889,1638,5297,5319,1638
10.365,4884,4884,1638,5317,5339,1638
10.375,4858,4858,1638,5274,5297,1638
10.385,4820,4820,1638,5242,5266,1638
10.395,4820,4820,1638,5259,5283,1638
10.405,4816,4816,1638,5252,5276,1638
10.415,4832,4832,1638,5258,5283,1638
10.425,4838,4838,1638,5259,5284,1638
10.435,4770,4770,1638,5248,5274,1638
10.445,4792,4792,1638,5282,5309,1638
10.455,4778,4778,1638,5240,5267,1638
10.465,4724,4724,1638,5196,5223,1638
10.475,4763,4763,1638,5241,5270,1638
10.485,4700,4700,1638,5195,5224,1638
10.495,4670,4671,1638,5151,5180,1638
10.505,4688,4689,1638,5155,5185,1638
10.515,4662,4663,1638,5150,5181,1638
10.525,4649,4650,1638,5127,5160,1638
10.535,4659,4661,1638,5084,5118,1638
10.545,4670,4672,1638,5047,5081,1638
10.555,4580,4583,1638,4977,5011,1638
10.565,4513,4516,1638,4962,4997,1638
10.575,4517,4520,1638,4978,5015,1638
10.585,4517,4520,1638,4936,4974,1638
10.595,4508,4513,1638,4922,4963,1638
10.605,4457,4463,1638,4914,4956,1638
10.615,4437,4444,1638,4864,4909,1638
10.625,4404,4411,1638,4820,4866,1638
10.635,4338,4345,1638,4817,4864,1638
10.645,4289,4297,1638,4780,4827,1638
10.655,4260,4269,1638,4712,4761,1638
10.665,4264,4274,1638,4682,4732,1638
10.675,4236,4247,1638,4661,4710,1638
10.685,4168,4178,1638,4665,4716,1638
10.695,4127,4138,1638,4653,4705,1638
10.705,4156,4168,1638,4641,4694,1638
10.715,4209,4222,1638,4687,4743,1638
10.725,4171,4185,1638,4683,4740,1638
10.735,4107,4121,1638,4644,4701,1638
10.745,4115,4129,1638,4603,4661,1638
10.755,4133,4148,1638,4598,4657,1638
10.765,4064,4079,1638,4586,4646,1638
10.775,3995,4010,1638,4532,4594,1638
10.785,4031,4046,1638,4567,4629,1638
10.795,4109,4126,1638,4638,4701,1638
10.805,4155,4172,1638,4647,4710,1638
10.815,4128,4145,1638,4631,4695,1638
10.825,4107,4124,1638,4632,4698,1638
10.835,4150,4168,1638,4667,4732,1638
10.845,4137,4155,1638,4656,4721,1638
10.855,4087,4105,1638,4572,4637,1638
10.865,4084,4102,1638,4549,4614,1638
10.875,4116,4135,1638,4610,4677,1638
10.885,4114,4132,1638,4618,4685,1638
10.895,4083,4101,1638,4599,4667,1638
10.905,4104,4123,1638,4614,4682,1638
10.915,4135,4155,1638,4610,4678,1638
10.925,4090,4110,1638,4595,4663,1638
10.935,4020,4041,1638,4601,4669,1638
10.945,4005,4025,1638,4601,4670,1638
10.955,4083,4104,1638,4603,4673,1638
10.965,4176,4197,1638,4603,4672,1638
10.975,4174,4195,1638,4596,4665,1638
10.985,4147,4168,1638,4605,4674,1638
10.995,4118,4140,1638,4621,4691,1638
11.005,4095,4117,1638,4635,4706,1638
11.015,4130,4152,1638,4640,4713,1638
11.025,4169,4192,1638,4642,4715,1638
11.035,4209,4232,1638,4676,4749,1638
11.045,4210,4232,1638,4686,4760,1638
11.055,4190,4212,1638,4683,4757,1638
11.065,4181,4202,1638,4686,4760,1638
11.075,4180,4201,1638,4684,4757,1638
11.085,4201,4222,1638,4692,4764,1638
11.095,4161,4182,1638,4653,4725,1638
11.105,4129,4151,1638,4628,4700,1638
11.115,4220,4242,1638,4665,4736,1638
11.125,4212,4234,1638,4670,4741,1638
11.135,4133,4156,1638,4659,4731,1638
11.145,4221,4243,1638,4680,4752,1638
11.155,4283,4304,1638,4676,4749,1638
11.165,4246,4267,1638,4640,4713,1638
11.175,4248,4270,1638,4670,4742,1638
11.185,4190,4213,1638,4710,4782,1638
11.195,4177,4198,1638,4687,4760,1638
11.205,4280,4300,1638,4707,4777,1638
11.215,4274,4294,1638,4765,4834,1638
11.225,4258,4277,1638,4749,4818,1638
11.235,4306,4324,1638,4746,4815,1638
11.245,4272,4292,1638,4771,4841,1638
11.255,4237,4257,1638,4754,4825,1638
11.265,4256,4276,1638,4750,4819,1638
11.275,4303,4322,1638,4753,4822,1638
11.285,4301,4321,1638,4741,4813,1638
11.295,4212,4232,1638,4709,4781,1638
11.305,4157,4178,1638,4682,4752,1638
11.315,4171,4192,1638,4699,4769,1638
11.325,4176,4196,1638,4714,4783,1638
11.335,4223,4242,1638,4737,4805,1638
11.345,4246,4265,1638,4751,4820,1638
11.355,4168,4187,1638,4724,4793,1638
11.365,4109,4129,1638,4702,4771,1638
11.375,4148,4168,1638,4705,4776,1638
11.385,4228,4249,1638,4723,4794,1638
11.395,4248,4268,1638,4745,4814,1638
11.405,4185,4204,1638,4722,4789,1638
11.415,4166,4185,1638,4728,4796,1638
11.425,4234,4252,1638,4781,4850,1638
11.435,4230,4248,1638,4785,4854,1638
11.445,4176,4194,1638,4767,4834,1638
11.455,4257,4275,1638,4794,4861,1638
11.465,4352,4370,1638,4862,4928,1638
11.475,4333,4351,1638,4901,4966,1638
11.485,4319,4336,1638,4901,4966,1638
11.495,4402,4418,1638,4939,5004,1638
11.505,4469,4483,1638,4983,5046,1638
11.515,4435,4448,1638,4984,5046,1638
11.525,4469,4482,1638,4995,5057,1638
11.535,4565,4578,1638,5035,5096,1638
11.545,4599,4611,1638,5081,5140,1638
11.555,4612,4623,1638,5129,5187,1638
11.565,4596,4607,1638,5152,5209,1638
11.575,4588,4598,1638,5162,5218,1638
11.585,4639,4647,1638,5185,5240,1638
11.595,4701,4710,1638,5209,5263,1638
11.605,4716,4724,1638,5223,5276,1638
11.615,4702,4709,1638,5243,5293,1638
11.625,4756,4761,1638,5288,5335,1638
11.635,4863,4868,1638,5357,5404,1638
11.645,4884,4888,1638,5404,5448,1638
11.655,4904,4908,1638,5432,5474,1638
11.665,5015,5019,1638,5463,5505,1638
11.675,5066,5068,1638,5481,5522,1638
11.685,5069,5071,1638,5529,5567,1638
11.695,5160,5161,1638,5628,5664,1638
11.705,5246,5246,1638,5670,5705,1638
11.715,5273,1638,5274,5671,5705,1638
11.725,5276,5276,1638,5697,5729,1638
11.735,5276,5276,1638,5731,5761,1638
11.745,5337,5337,1638,5780,5809,1638
11.755,5416,5416,1638,5820,5847,1638
11.765,5447,5447,1638,5824,5848,1638
11.775,5457,5457,1638,5853,5876,1638
11.785,5455,5455,1638,5880,5902,1638
11.795,5459,5459,1638,5858,5878,1638
11.805,5482,5482,1638,5840,5858,1638
11.815,5495,5495,1638,5851,5868,1638
11.825,5465,5465,1638,5861,5877,1638
11.835,5417,5417,1638,5845,5860,1638
11.845,5385,5385,1638,5799,5813,1638
11.855,5390,5390,1638,5777,5790,1638
11.865,5394,5394,1638,5767,5779,1638
11.875,5385,5385,1638,5731,5742,1638
11.885,5403,1638,5403,5726,5737,1638
11.895,5391,1638,5391,5742,5752,1638
11.905,5354,1638,5355,5721,5730,1638
11.915,5359,1638,5360,5694,5703,1638
11.925,5326,1638,5329,5661,5670,1638
11.935,5287,1638,5289,5638,5646,1638
11.945,5305,1638,5307,5648,5656,1638
11.955,5324,1638,5327,5655,5661,1638
11.965,5319,1638,5322,5636,5643,1638
11.975,5279,1638,5283,5596,5603,1638
11.985,5212,1638,5216,5546,5551,1638
11.995,5200,1638,5204,5535,5541,1638
12.005,5200,1638,5205,5541,5546,1638
12.015,5169,1638,5175,5532,5536,1638
12.025,5152,1638,5158,5520,5524,1638
12.035,5157,1638,5163,5496,5500,1638
12.045,5179,1638,5185,5484,5488,1638
12.055,5200,1638,5206,5489,5492,1638
12.065,5161,1638,5167,5425,5428,1638
12.075,5048,1638,5054,5360,5363,1638
12.085,5004,1638,5011,5397,5400,1638
12.095,5077,1638,5084,5453,5456,1638
12.105,5103,1638,5110,5443,5446,1638
12.115,5084,1638,5092,5398,5401,1638
12.125,5095,1638,5102,5388,5391,1638
12.135,5107,1638,5113,5407,5410,1638
12.145,5097,1638,5104,5386,5389,1638
12.155,5057,1638,5063,5342,5345,1638
12.165,5005,1638,5011,5355,5359,1638
12.175,5013,1638,5020,5392,5395,1638
12.185,5040,1638,5047,5340,5343,1638
12.195,5034,1638,5040,5323,5326,1638
12.205,5053,1638,5059,5393,5397,1638
12.215,5078,1638,5084,5389,5393,1638
12.225,5046,1638,5051,5338,5342,1638
12.235,5033,1638,5038,5352,5355,1638
12.245,5062,1638,5067,5381,5385,1638
12.255,5069,1638,5074,5387,5391,1638
12.265,5073,1638,5078,5389,5393,1638
12.275,5090,1638,5096,5392,5396,1638
12.285,5060,1638,5065,5370,5374,1638
12.295,5012,1638,5017,5336,5340,1638
12.305,5030,1638,5035,5347,5351,1638
12.315,5058,1638,5063,5382,5386,1638
12.325,5051,1638,5055,5388,5392,1638
12.335,5045,1638,5050,5381,5385,1638
12.345,5066,1638,5071,5402,5406,1638
12.355,5127,1638,5131,5446,5449,1638
12.365,5129,1638,5134,5393,5397,1638
12.375,5067,1638,5072,5323,5326,1638
12.385,5057,1638,5062,5359,5362,1638
12.395,5083,1638,5088,5379,5383,1638
12.405,5050,1638,5055,5329,5334,1638
12.415,4982,1638,4986,5320,5324,1638
12.425,4961,1638,4965,5350,5355,1638
12.435,4968,1638,4971,5337,5342,1638
12.445,4972,1638,4975,5298,5304,1638
12.455,4977,1638,4981,5304,5309,1638
12.465,4967,1638,4970,5322,5327,1638
12.475,4957,1638,4960,5301,5307,1638
12.485,4912,1638,4915,5244,5250,1638
12.495,4877,1638,4880,5211,5217,1638
12.505,4942,1638,4945,5260,5266,1638
12.515,4993,1638,4996,5325,5331,1638
12.525,4957,1638,4960,5324,5331,1638
12.535,4967,1638,4970,5319,5326,1638
12.545,4998,1638,5000,5311,5317,1638
12.555,4972,1638,4975,5275,5282,1638
12.565,4951,1638,4953,5285,5292,1638
12.575,4956,1638,4957,5305,5312,1638
12.585,4943,1638,4944,5283,5290,1638
12.595,4928,1638,4929,5305,5312,1638
12.605,4947,1638,4949,5327,5334,1638
12.615,4977,1638,4978,5316,5324,1638
12.625,4987,1638,4987,5324,5332,1638
12.635,4989,1638,4990,5325,5333,1638
12.645,4986,1638,4987,5321,5329,1638
12.655,4986,1638,4986,5323,5332,1638
12.665,4972,1638,4972,5305,5314,1638
12.675,4916,1638,4917,5257,5265,1638
12.685,4864,1638,4864,5235,5244,1638
12.695,4842,1638,4842,5245,5254,1638
12.705,4845,4845,1638,5233,5243,1638
12.715,4884,4884,1638,5236,5245,1638
12.725,4884,4884,1638,5245,5255,1638
12.735,4886,4886,1638,5279,5289,1638
12.745,4908,4908,1638,5295,5306,1638
12.755,4889,4889,1638,5269,5281,1638
12.765,4888,4888,1638,5283,5295,1638
12.775,4919,4919,1638,5298,5309,1638
12.785,4944,4944,1638,5308,5319,1638
12.795,4951,4951,1638,5323,5335,1638
12.805,4957,4957,1638,5323,5335,1638
12.815,5002,5002,1638,5356,5367,1638
12.825,5023,5023,1638,5374,5386,1638
12.835,4993,4993,1638,5347,5359,1638
12.845,4983,4983,1638,5327,5339,1638
12.855,4981,4981,1638,5342,5353,1638
12.865,4956,4956,1638,5341,5352,1638
12.875,4897,4897,1638,5325,5336,1638
12.885,4872,4872,1638,5321,5333,1638
12.895,4969,4969,1638,5320,5332,1638
12.905,4986,4986,1638,5320,5332,1638
12.915,4939,4939,1638,5316,5328,1638
12.925,4957,4957,1638,5305,5317,1638
12.935,4956,4956,1638,5322,5334,1638
12.945,4964,4964,1638,5340,5353,1638
12.955,4969,4969,1638,5326,5338,1638
12.965,4933,4933,1638,5317,5329,1638
12.975,4914,4914,1638,5321,5334,1638
12.985,4921,4921,1638,5322,5335,1638
12.995,4922,4922,1638,5325,5339,1638
13.005,4897,4897,1638,5301,5315,1638
13.015,4891,4891,1638,5285,5300,1638
13.025,4946,4946,1638,5323,5339,1638
13.035,4973,4973,1638,5342,5357,1638
13.045,4930,4930,1638,5316,5332,1638
13.055,4892,4892,1638,5295,5311,1638
13.065,4878,4878,1638,5281,5297,1638
13.075,4906,4906,1638,5314,5331,1638
13.085,4918,4918,1638,5341,5358,1638
13.095,4895,4895,1638,5311,5328,1638
13.105,4901,4901,1638,5303,5320,1638
13.115,4912,4912,1638,5325,5343,1638
13.125,4910,4910,1638,5323,5342,1638
13.135,4940,4940,1638,5319,5338,1638
13.145,4952,4952,1638,5324,5343,1638
13.155,4929,4929,1638,5341,5360,1638
13.165,4935,4935,1638,5357,5376,1638
13.175,4944,4944,1638,5347,5366,1638
13.185,4922,4922,1638,5325,5344,1638
13.195,4918,4918,1638,5310,5330,1638
13.205,4907,4907,1638,5292,5312,1638
13.215,4871,4871,1638,5286,5306,1638
13.225,4851,4851,1638,5289,5310,1638
13.235,4864,4864,1638,5301,5323,1638
13.245,4874,4874,1638,5309,5332,1638
13.255,4850,4850,1638,5293,5315,1638
13.265,4826,4826,1638,5287,5309,1638
13.275,4829,4829,1638,5298,5321,1638
13.285,4820,4820,1638,5272,5296,1638
13.295,4803,4803,1638,5255,5279,1638
13.305,4815,4815,1638,5273,5297,1638
13.315,4815,4815,1638,5259,5284,1638
13.325,4775,4775,1638,5228,5253,1638
13.335,4782,4782,1638,5235,5261,1638
13.345,4822,4822,1638,5239,5265,1638
13.355,4786,4786,1638,5224,5251,1638
13.365,4736,4736,1638,5227,5255,1638
13.375,4775,4775,1638,5242,5269,1638
13.385,4811,4811,1638,5227,5254,1638
13.395,4800,4800,1638,5199,5227,1638
13.405,4771,4771,1638,5186,5214,1638
13.415,4743,4743,1638,5180,5208,1638
13.425,4716,4716,1638,5152,5181,1638
13.435,4691,4692,1638,5124,5154,1638
13.445,4739,4740,1638,5138,5169,1638
13.455,4755,4756,1638,5156,5187,1638
13.465,4725,4727,1638,5152,5184,1638
13.475,4714,4717,1638,5137,5170,1638
13.485,4652,4655,1638,5104,5139,1638
13.495,4653,4656,1638,5104,5140,1638
13.505,4638,4640,1638,5095,5131,1638
13.515,4570,4573,1638,5043,5079,1638
13.525,4532,4536,1638,5019,5056,1638
13.535,4519,4523,1638,5012,5051,1638
13.545,4505,4509,1638,4959,4997,1638
13.555,4417,4422,1638,4917,4957,1638
13.565,4415,4420,1638,4922,4964,1638
13.575,4476,4481,1638,4911,4954,1638
13.585,4483,4490,1638,4925,4969,1638
13.595,4472,4480,1638,4909,4954,1638
13.605,4364,4372,1638,4804,4850,1638
13.615,4305,4313,1638,4800,4847,1638
13.625,4345,4354,1638,4806,4854,1638
13.635,4294,4303,1638,4755,4805,1638
13.645,4204,4213,1638,4753,4804,1638
13.655,4234,4245,1638,4754,4805,1638
13.665,4260,4270,1638,4737,4788,1638
13.675,4206,4217,1638,4702,4754,1638
13.685,4220,4232,1638,4700,4753,1638
13.695,4226,4238,1638,4739,4793,1638
13.705,4221,4232,1638,4766,4821,1638
13.715,4296,4309,1638,4763,4819,1638
13.725,4310,4323,1638,4715,4771,1638
13.735,4268,4281,1638,4684,4740,1638
13.745,4212,4225,1638,4683,4740,1638
13.755,4149,4164,1638,4682,4741,1638
13.765,4182,4196,1638,4684,4744,1638
13.775,4251,4265,1638,4677,4736,1638
13.785,4245,4259,1638,4654,4713,1638
13.795,4214,4229,1638,4647,4707,1638
13.805,4188,4204,1638,4651,4713,1638
13.815,4178,4194,1638,4648,4710,1638
13.825,4161,4178,1638,4662,4724,1638
13.835,4127,4144,1638,4677,4740,1638
13.845,4135,4152,1638,4649,4712,1638
13.855,4119,4135,1638,4620,4683,1638
13.865,4059,4075,1638,4614,4679,1638
13.875,4075,4093,1638,4614,4679,1638
13.885,4105,4122,1638,4604,4668,1638
13.895,4119,4137,1638,4596,4661,1638
13.905,4206,4225,1638,4619,4685,1638
13.915,4251,4270,1638,4645,4713,1638
13.925,4209,4227,1638,4626,4693,1638
13.935,4167,4186,1638,4615,4680,1638
13.945,4127,4145,1638,4617,4684,1638
13.955,4124,4142,1638,4636,4702,1638
13.965,4140,4159,1638,4669,4737,1638
13.975,4132,4151,1638,4636,4702,1638
13.985,4153,4172,1638,4607,4673,1638
13.995,4151,4171,1638,4637,4704,1638
14.005,4107,4126,1638,4635,4703,1638
14.015,4107,4125,1638,4610,4677,1638
14.025,4078,4097,1638,4581,4649,1638
14.035,4030,4051,1638,4560,4629,1638
14.045,4058,4078,1638,4569,4638,1638
14.055,4086,4106,1638,4602,4672,1638
14.065,4117,4138,1638,4631,4701,1638
14.075,4139,4160,1638,4654,4725,1638
14.085,4082,4104,1638,4646,4717,1638
14.095,4121,4142,1638,4625,4696,1638
14.105,4198,4219,1638,4653,4724,1638
14.115,4139,4161,1638,4636,4708,1638
14.125,4059,4081,1638,4576,4648,1638
14.135,4061,4084,1638,4599,4672,1638
14.145,4088,4111,1638,4619,4691,1638
14.155,4108,4131,1638,4617,4689,1638
14.165,4134,4156,1638,4662,4735,1638
14.175,4098,4120,1638,4652,4725,1638
14.185,4041,4064,1638,4623,4696,1638
14.195,4077,4098,1638,4644,4718,1638
14.205,4154,4176,1638,4636,4711,1638
14.215,4198,4220,1638,4666,4740,1638
14.225,4176,4198,1638,4689,4762,1638
14.235,4201,4223,1638,4679,4752,1638
14.245,4214,4236,1638,4673,4746,1638
14.255,4161,4183,1638,4687,4759,1638
14.265,4157,4178,1638,4718,4791,1638
14.275,4152,4173,1638,4681,4754,1638
14.285,4205,4226,1638,4685,4756,1638
14.295,4234,4254,1638,4662,4733,1638
14.305,4240,4260,1638,4652,4723,1638
14.315,4284,4306,1638,4721,4793,1638
14.325,4199,4220,1638,4666,4738,1638
14.335,4166,4187,1638,4661,4732,1638
14.345,4185,4207,1638,4695,4767,1638
14.355,4155,4177,1638,4676,4748,1638
14.365,4147,4168,1638,4687,4758,1638
14.375,4154,4174,1638,4687,4759,1638
14.385,4178,4198,1638,4690,4760,1638
14.395,4184,4205,1638,4714,4785,1638
14.405,4192,4213,1638,4749,4820,1638
14.415,4183,4204,1638,4730,4800,1638
14.425,4223,4244,1638,4694,4764,1638
14.435,4278,4299,1638,4721,4791,1638
14.445,4207,4227,1638,4741,4811,1638
14.455,4206,4225,1638,4776,4845,1638
14.465,4270,4289,1638,4812,4881,1638
14.475,4280,4299,1638,4816,4884,1638
14.485,4276,4294,1638,4819,4887,1638
14.495,4251,4269,1638,4812,4881,1638
14.505,4258,4275,1638,4795,4863,1638
14.515,4306,4324,1638,4808,4876,1638
14.525,4338,4356,1638,4843,4910,1638
14.535,4402,4418,1638,4851,4916,1638
14.545,4441,4457,1638,4880,4944,1638
14.555,4438,4454,1638,4932,4996,1638
14.565,4474,4489,1638,4955,5019,1638
14.575,4461,4475,1638,5002,5065,1638
14.585,4443,4455,1638,5010,5072,1638
14.595,4470,4481,1638,5012,5072,1638
14.605,4537,4548,1638,5087,5146,1638
14.615,4620,4631,1638,5124,5182,1638
14.625,4638,4649,1638,5144,5201,1638
14.635,4687,4697,1638,5221,5275,1638
14.645,4708,4716,1638,5245,5297,1638
14.655,4729,4736,1638,5248,5298,1638
14.665,4882,4888,1638,5383,5432,1638
14.675,5034,5038,1638,5504,5551,1638
14.685,5126,5129,1638,5544,5587,1638
14.695,5240,5241,1638,5685,5725,1638
14.705,5328,5329,1638,5788,5826,1638
14.715,5391,1638,5391,5847,5881,1638
14.725,5451,1638,5452,5988,6018,1638
14.735,5532,1638,5532,6064,6090,1638
14.745,5646,5646,1638,6064,6088,1638
14.755,5704,5704,1638,6101,6122,1638
14.765,5737,5737,1638,6168,6185,1638
14.775,5790,5790,1638,6197,6212,1638
14.785,5822,1638,5822,6194,6206,1638
14.795,5862,1638,5864,6198,6209,1638
14.805,5853,1638,5856,6191,6201,1638
14.815,5782,1638,5786,6159,6166,1638
14.825,5760,1638,5766,6087,6092,1638
14.835,5715,1638,5723,6046,6049,1638
14.845,5606,1638,5617,5976,5979,1638
14.855,5560,1638,5572,5862,5864,1638
14.865,5550,1638,5562,5846,5846,1638
14.875,5498,1638,5512,5805,5805,1638
14.885,5402,1638,5419,5680,5680,1638
14.895,5407,1638,5426,5695,5695,1638
14.905,5439,1638,5460,5721,5721,1638
14.915,5389,1638,5411,5620,5620,1638
14.925,5333,1638,5354,5547,5547,1638
14.935,5242,1638,5263,5499,5499,1638
14.945,5212,1638,5236,5482,5482,1638
14.955,5176,1638,5200,5445,5445,1638
14.965,5139,1638,5163,5381,5381,1638
14.975,5175,1638,5201,5392,5392,1638
14.985,5128,1638,5153,5387,5387,1638
14.995,5115,1638,5139,5361,5361,1638
15.005,5074,1638,5099,5308,5308,1638
15.015,5073,1638,5097,5285,5285,1638
15.025,5119,1638,5142,5284,5284,1638
15.035,5044,1638,5069,5258,5258,1638
15.045,4992,1638,5016,5251,5251,1638
15.055,4975,1638,4999,5225,5225,1638
15.065,5030,1638,5053,5221,5221,1638
15.075,4995,1638,5018,5187,5187,1638
15.085,4931,1638,4956,5171,5171,1638
15.095,5023,1638,5047,5258,5258,1638
15.105,5028,1638,5052,5261,5261,1638
15.115,5034,1638,5058,5224,5224,1638
15.125,5041,1638,5064,5217,5217,1638
15.135,5009,1638,5033,5222,5222,1638
15.145,5013,1638,5037,5210,5210,1638
15.155,4997,1638,5020,5212,5212,1638
15.165,5014,1638,5036,5277,5277,1638
15.175,5048,1638,5071,5271,5271,1638
15.185,5049,1638,5072,5239,5239,1638
15.195,5031,1638,5055,5240,5240,1638
15.205,5019,1638,5043,5228,5228,1638
15.215,5023,1638,5047,5261,5261,1638
15.225,5023,1638,5047,5285,5285,1638
15.235,5043,1638,5067,5260,5260,1638
15.245,5055,1638,5080,5251,5251,1638
15.255,5036,1638,5060,5239,5239,1638
15.265,5007,1638,5032,5219,5219,1638
15.275,4989,1638,5016,5224,5224,1638
15.285,4992,1638,5017,5222,5222,1638
15.295,5010,1638,5036,5220,5220,1638
15.305,5009,1638,5035,5201,5201,1638
15.315,4966,1638,4992,5187,5187,1638
15.325,4973,1638,4999,5239,5239,1638
15.335,5017,1638,5041,5245,5245,1638
15.345,4992,1638,5015,5192,5192,1638
15.355,5005,1638,5030,5227,5227,1638
15.365,5048,1638,5073,5241,5241,1638
15.375,5050,1638,5075,5212,5212,1638
15.385,5061,1638,5087,5230,5230,1638
15.395,5082,1638,5108,5250,5250,1638
15.405,5051,1638,5078,5214,5214,1638
15.415,4991,1638,5018,5135,5135,1638
15.425,4986,1638,5013,5156,5156,1638
15.435,4952,1638,4979,5176,5176,1638
15.445,4927,1638,4954,5162,5162,1638
15.455,4945,1638,4971,5180,5180,1638
15.465,4896,1638,4919,5129,5129,1638
15.475,4923,1638,4944,5137,5137,1638
15.485,4965,1638,4986,5142,5142,1638
15.495,4926,1638,4948,5128,5128,1638
15.505,4931,1638,4953,5167,5167,1638
15.515,4963,1638,4984,5191,5191,1638
15.525,4982,1638,5003,5190,5190,1638
15.535,4989,1638,5010,5139,5139,1638
15.545,4958,1638,4980,5170,5170,1638
15.555,4953,1638,4974,5201,5201,1638
15.565,4941,1638,4960,5154,5154,1638
15.575,4936,1638,4955,5198,5198,1638
15.585,4970,1638,4989,5225,5225,1638
15.595,4933,1638,4952,5212,5212,1638
15.605,4963,1638,4982,5242,5242,1638
15.615,5017,1638,5035,5213,5213,1638
15.625,4988,1638,5006,5215,5215,1638
15.635,5023,1638,5040,5287,5287,1638
15.645,5029,1638,5048,5262,5262,1638
15.655,4960,1638,4976,5239,5239,1638
15.665,4881,1638,4896,5191,5191,1638
15.675,4872,1638,4889,5157,5157,1638
15.685,4930,1638,4947,5193,5193,1638
15.695,4962,1638,4978,5197,5197,1638
15.705,4987,1638,5003,5216,5216,1638
15.715,5005,1638,5020,5225,5225,1638
15.725,4933,1638,4946,5214,5214,1638
15.735,4857,1638,4870,5208,5208,1638
15.745,4863,1638,4876,5184,5184,1638
15.755,4896,1638,4909,5206,5206,1638
15.765,4918,1638,4930,5247,5247,1638
15.775,4919,1638,4930,5234,5235,1638
15.785,4936,1638,4947,5245,5246,1638
15.795,4955,1638,4967,5305,5306,1638
15.805,4961,1638,4971,5251,5252,1638
15.815,4989,1638,4999,5205,5206,1638
15.825,4991,1638,5001,5280,5281,1638
15.835,4959,1638,4969,5274,5275,1638
15.845,4949,1638,4958,5280,5281,1638
15.855,4968,1638,4977,5299,5301,1638
15.865,4978,1638,4987,5246,5247,1638
15.875,4956,1638,4963,5258,5259,1638
15.885,4955,1638,4962,5265,5266,1638
15.895,5025,1638,5034,5284,5286,1638
15.905,5052,1638,5061,5367,5369,1638
15.915,5050,1638,5058,5369,5372,1638
15.925,5005,1638,5013,5270,5272,1638
15.935,4978,1638,4986,5280,5282,1638
15.945,5073,1638,5082,5379,5381,1638
15.955,5093,1638,5101,5390,5391,1638
15.965,5081,1638,5089,5385,5387,1638
15.975,5034,1638,5044,5318,5320,1638
15.985,5029,1638,5038,5286,5287,1638
15.995,5157,1638,5167,5398,5399,1638